row -4:   0   0   0   0   0   0   0   0   0   0   0   0   0   0   0   0   0   0   0   0   0   0   0   0   0   0   0   0   0   0   0   0 
row -3:   0   0   0   0   0   0   0   0   0   0   0   0   0   0   0   0   0   0   0   0   0   0   0   0   0   0   0   0   0   0   0   0 
row -2:   0   0   0   0   0   0   0   0   0   0   0   0   0   0   0   0   0   0   0   0   0   0   0   0   0   0   0   0   0   0   0   0 
row -1:   0   0   0   0   0   0   0   0   0   0   0   0   0   0   0   0   0   0   0   0   0   0   0   0   0   0   0   0   0   0   0   0 
row  0:  43  43  43  23   7   7  31   7   7  31   7   7 155 155 155 155  23  23  23  23  23  23  23  23   7   7  11   7   7   7   7  31 
row  1:  23  43  23  23   7   7   7  31   7   7   7   7  55 155 155  55  23 203  23  23 203  23  23  23   7   7  11   7  31   7   7   7 
row  2:  43  23  43  23  43  23  31   7   7  31  23  31   7   7 155  23 155 155  23  23  23  23  23   7  39  39  39 243  55  27  55  55 
row  3:  23  23  23  23  23  43   7   7  31   7  43   7   7   7  55  23   7 155  23  23  23  23  23   7  39  39  39  39  27  55  27  55 
row  4:   7   7  31   7  23  23  23  23   7  31  23  31  55 155  31  55  23  23  23  23  31  55  23  23   7   7   7  31   7   7  31  23 
row  5:   7   7   7   7   7   7   7  31  31   7  43   7   7   7   7   7  23  23  23  23   7   7  23  23  31   7   7   7   7   7   7  23 
row  6:  31   7  23  23  23  23  23  23   7   7   7   7  23  23  23  23 155  23  23  23  23  23  23  23  23  31  55  23   7  39  39  39 
row  7:   7   7   7   7   7   7   7  31   7   7   7   7  23  23  23  23 155  23 155  23  23  31  55  23  23   7   7  23  23   7   7   7 
row  8:   7   7   7  31  55  55  63  55   7   7  23   7   7   7  23   7  15  15  15 127  55  31  31  55  23  23  23  23  15  15  15  63 
row  9:  23  23  23  23  63  63  63  55   7   7  31   7   7   7  31   7  15 127 127  15  55  31  31  31  31  55  23  23  15  63  63  63 
row 10:  15  59  59  15   7   7  31  55  15  27  15  15  23  23 155  23  23  23   7  23  31  55  23  23  23  23   7   7  23  23  23  15 
row 11:  15  59  15  15  23  23  23  63  15  15  15  15  23  23 155  23  23   7   7  31  31  31  31  55  55  23  23  23  55  23  23  15 
row 12:  23  23  23  23  63  63  63  55   7   7  15  15  23  23   7  15  15  15  15  15  39  39  39  39  55  23  23  15   7  31  31  31 
row 13:  53  53  23  23   7   7  31  55  15  27  15  15  23  23  23  23  15   3   3   3   3   3   3  39  23   7   7  23   7   7   7  31 
row 14: 104  24  24 104  36  97  97  97   7   7  15  27  67  67  67  67  75  15  15  15  23  23   7   7  35  35  35  35   3  39  23   7 
row 15: 104 104 104 104  36  36  36  36  36  97   7   7  23  23  23  23  15  15  75  15  55  23  23  23  23  23  23  23   7   7  35   3 
row 16: 104  24  24 104  24  24 104  36 124 124  23  23   7   7  15  15  23   7   7  15   7   7  23  15  15  55  23  23  55  23  31  23 
row 17: 104 104 104 104 104 104 104  36 124 124  23  23  15  27  15  15  23  15  27  15  23  23   7  23  15   7   7  23   7  31   7  39 
row 18:  24  24 104  24 104 104  36  36  36 124  23  23   7   7  15  23   7   7  15  15  55  23  23  23  23  23  23  23  15  55  23  23 
row 19: 104 104 104 104  24 104  24  24  36 124  23  23  23  23  15  23  15  27  15  15   7   7  23  15  15  55  23  23  15   7   7  23 
row 20:  24  24 104  24  24  24 104  24  36 124  23  23   7  15   7   7  23  23  15  23   7  23   7  23  23  23  23  23  23  23  23  23 
row 21: 104 104 104 104 104 104 104 104  36 124  23  23  27  15  23  23   7  15   7   7  23   7  23   7   7  23  15  15  15  15  55  23 
row 22:  24 104  24  24  24  24 104  24  36 124  23   7  15  23   7  23  23  27   7   7   7   7   7  11  15  23   7  23  15   7   7  23 
row 23:  24  24 104  24 104 104 104 104  36 124  23  27   7   7  23   7   7  15  23  23   7   7   7  11   7   7  23   7  23  23  23  23 
row 24:  16 104  16 104  24  24 104  24   8  59  59  59   7  23  23  27  23  27  23   7   7  11   7   7   7  23   7  11  23  23  23  23 
row 25:  16  16  16 104  16 104  16 104   8  59  59  59  23   7   7  15   7  15   7  11   7  11   7   7  15  23   7   7  15  15  55  23 
row 26:  16 104  24  24  24 104  24  36 104  27  27  27  59   7  23  23  23   7  23  23   7   7   7  11  11   7   7   7   7   7   7  23 
row 27:  16 104  16 104 104 104 104  36 104  27  27  27  59  23   7   7   7  23   7   7   7   7   7  11  11   7   7  15   7   7  15  23 
row 28:  16 104  24  24 104  24  36 104 104  27  27  27  23   7  27  23   7   7   7  23   7  23   7   7  23   7  11  23   7  11  23  23 
row 29:  16 104  16 104 104 104  36 104 104  27  27  27   7  11  15   7   7   7  15  23  23   7   7  11   7  11   7  15   7   7  15  15 
row 30: 104  24  24  24  24  36 104 104 104  27  23  23   7   7   7  23   7  31   7   7   7  23   7  23   7  23   7  23  23  23  23  23 
row 31: 104  16 104 104 104  36  24  36 104  27   7   7   7   7  15  23  31  31  31  31  15  23  23   7  15  23  23   7  15  15  15  15 
row 32:  16 104  24  24  36 104 104 104 108  59  59  59   7   7   7  23  15  23  31   7   7  23   7  23   7   7   7  15  15  15  15  27 
row 33:  16 104  16 104 104 104  24  36  59  59  59  59   7   7  15  23   7  23  31  31  15  23  23   7  23   7   7  23  15  27  15  15 
row 34:  16 104 104 104   4   4   4  53  31  31 179  31  23   7   7   7   7  31  31   7  23   7  23   7   7   7   7   7  31  31  31  31 
row 35: 104  24  24  36   4   4  53  53  31  31 179 179   7   7   7  15  31  31  31  31   7  15  23  23  31  15  23  31  31  31  31  19 
