row -4:   0   0   0   0   0   0   0   0   0   0   0   0   0   0   0   0   0   0   0   0   0   0   0   0   0   0   0   0   0   0   0   0 
row -3:   0   0   0   0   0   0   0   0   0   0   0   0   0   0   0   0   0   0   0   0   0   0   0   0   0   0   0   0   0   0   0   0 
row -2:   0   0   0   0   0   0   0   0   0   0   0   0   0   0   0   0   0   0   0   0   0   0   0   0   0   0   0   0   0   0   0   0 
row -1:   0   0   0   0   0   0   0   0   0   0   0   0   0   0   0   0   0   0   0   0   0   0   0   0   0   0   0   0   0   0   0   0 
row  0:  58 237  58  58 106 228 228 106  74  57  57  57 149 149  23  23 183 246 246 246 211 211 211 211  47  47  47 245 149  55 149 149 
row  1:  58  58  58  58 228 106 228 228  74  74  57  57 149 149  23  23 246 246 246 246 156 156 156 211  47  47  47 245  55 149  55  55 
row  2: 125  97  97  97 102   4   4   4 138 138 138 205 131 131 131 131  86 221  86  86 212 212 117 117 149  55 211 211 171 171  47  47 
row  3:  97 125 125  97 102 102 102 102 138 138 138 205  37  37 131  37 221 221 221 221 117 117 117 117  55 149 156 156 186 186  47  47 
row  4:  61  61  61  61 222 114 114 114 138 205 149  23 243 243 243  68 205 205 205 199  47 245 211 211  73  73 232 232 186 186 149 171 
row  5: 106 106  61  61 222 222 222 114 138 205 149  23 243 243 243  68 205 199 205 199  47 245 156 156  73  73  73 232 225 225  55 171 
row  6:  58  58  58  33 193 193 193 193  94  94  94  94 138 205 131 131 107 107 107 107 221 221 122 221  93 199 199  93 171 171  93 199 
row  7:  58  58  58  33 193 193 151 193  94   4  94  94 138 205 131  37 149 149 107 107 221 221 122 221  93 199 199  93 186 186  93 199 
row  8:  14  12  14  12 122 122 122 232  12 122 193 193 153 153 153 153  30 186  30  30 153  30 107 107 231 231 231 245 165 165 165 165 
row  9:  14  14  14  12 122 122 232 232  12 122 122 122  10  10  10  10 186  30 186 186  10 186 149 107 245 245 245 245 165 235 165 165 
row 10: 218 137 137 218 202 180 180 180 170  56  56  56 252 252  52 252  28  30  28  28 236  25 236 236  29  29  29   6 182 182 182 182 
row 11: 137 218 218 218 202 180 180 180 170 170  56  56  52  52 252 252  28  28  28  30  25 236  25 236   6  29  29  29 213 213 213 182 
row 12: 102 114 114 114  44  44  44 162 156 156 156 156  48  48 148 148  93 124 124  93  46  56  46  46 148 182 182 182 245 165 182 245 
row 13: 102 102 114 114 162  44 162 162 156 156   3   3 148 148 148 148 124 124 124  93  46  56  56  46 148 182 182 148   6 182 148   6 
row 14: 137 218 180 170 162 162 162  14 108 108  65  65  62  62 168  62  28  28  28  30 148  88 148 148  10  10 225 225 197 120 120 120 
row 15: 218 218 180 170 162 162 162 162 108  65  65 108  62  62 168 168  93 124  28  28  88  88 148 148  10  10  10 225 197 120 120 197 
row 16: 158 154 154 154 172 202 202 202  58  58  51  51  43  43  43 177   4   4  73   4  28  28 222  28 120 116 120 116 186 186 225 225 
row 17: 158 158 154 154 172 172 202 202  58  58  58  51  43 177  43 177   4   4  73  73 222 222 222 222 116 120 116 120 225 186 225 186 
row 18: 137 218 172 202 162 162 172 172  26  26  26 161 213 213 213 213 230 230 181 230 181 181 181 201  49  49 131  49 113 113 206 206 
row 19: 218 218 172 172 172 202 162 162 161  26  26  26 188 213 213 213 181 181 181 230 181 181 181 181  49  49 131 131 113 206 206 206 
row 20: 154 154 172 172 138 138 138 140  30  30  30 172  26  26 230 181   3   3   1   3 185 185 185 140  77  77  77  77  98  38  38  98 
row 21: 172 202 162 162 138 140 138 138  30  30  30 172 161  26 181 181   3   1   3   1 185 140 140 140 178 178 178 178  98  38  98  38 
row 22: 172 172  26  26  26  26  26  26  54  54  54 172  30  30  30 225 151 151 189 151  38 252 252  38  26  26 172 172 172 238 172 238 
row 23: 162 162 161  26  30  30  30  30  54  54  54  54  30  30  30  30 189 189 189 189  38 252  38 252  26 172 172  26 172 172 172 238 
row 24: 206 206 206 206  33  33  33 202 214 214 211 214 149 149  50 149  35  35  35 202  74  74 124 124  58  58  58 100 124 124 124 124 
row 25: 205 206 205 205  33  33  33  33 214 211 214 211 149  50 149 149  35  35 202 202  74  74  74  74  58  58  58 100 124 124 122 122 
row 26: 209 209  67  67 209 209 206 206 202   3   3   3 198 198 198 171 107  97  97  97  26 172 172 172 236 236   8 236  50  50   9  50 
row 27:  67 209  67  67  67 209 205 205   3 202   3   3 198 171 198 198  97 107 107  97  58  58 172  26 236 236 236 236   9   9   9   9 
row 28:  67  67 197  67  83 197 197 197 203  55  55  55 171 171 171 171  35 202 202  74  74  74 236  74  50   9  90  78  97  97 130  97 
row 29: 197  67 197 197  83 197  83 197  55  55 203 203  26  26  26  26  97  97 202  74 236  74  74  74   9   9 137 134  97  97  97  97 
row 30:  94  94  94 113 199 177 199 177  71  93  71  71  98 248 248 248 172 172 198 198 236  74 236  74 222  82 222 222 113 113 113 214 
row 31: 113 113 113  94 177 199 199 199  93  93  71  93 248  98  98 248 172  26 171 171 236 236 236  74 222 222 222  82 113 113 214 113 
row 32:  49  49  49  49 222 135 135 135  93  98  93  93 240 240 172 240 172 198 198 236 233 233  58 233 137  38 137 137 153 198 198 198 
row 33:  49  49 198 198 222 222 135 135  93  98  98  93 172 240 240 172  26 171 171 236  58  58  58  58  38 137  38  38 153 153 153 198 
row 34:  33  33  33  33  49  49  47  47  87  87  69  69 155 145 145 155 129 129  19  19 126 126 126 226 134 134  97  97 115  89  89  89 
row 35:  50  50  50  50  49  47  47  47  87  69  69  87 145 155 155 155  19  19 129 129 226 226 226 226 134  97  97  97 115  89  89  89 
