# sball.cmp palette: voted mode color per verified decoder index
# vs the real cmpview.exe rendering (128x128 screenshot, see harness README round 5).
# NOT parsed from the file - palette on-disk location still unknown.
128 128
orient 0 0
1 152 144 136
3 208 204 200
4 72 56 44
5 184 176 168
6 128 120 112
7 236 232 220
8 64 52 40
9 172 160 148
10 116 104 96
11 228 224 212
12 76 68 60
13 200 192 184
14 144 132 124
15 240 236 228
16 60 48 40
19 220 216 208
20 76 60 48
21 192 184 180
22 136 124 120
23 240 232 224
24 68 52 40
25 172 168 160
26 120 112 104
27 232 224 216
28 88 76 68
29 204 200 196
30 148 140 132
31 244 240 228
33 156 148 140
35 216 212 204
36 72 56 48
37 188 180 172
38 132 124 116
39 236 232 224
40 64 52 44
41 172 164 152
42 116 108 100
43 232 224 212
44 84 72 64
45 200 196 188
46 144 136 128
47 244 236 228
49 164 156 148
50 112 100 88
51 224 220 208
52 76 60 52
53 196 188 180
54 136 128 124
55 240 236 224
56 68 56 44
57 180 172 164
58 124 116 108
59 236 228 216
61 208 204 196
62 148 140 136
63 248 244 232
64 56 44 40
66 96 88 80
67 212 208 204
68 76 52 44
72 68 48 40
73 168 160 152
75 224 220 216
76 84 68 60
77 200 196 184
78 140 132 128
80 64 48 40
81 160 152 144
83 220 216 212
86 136 128 120
88 72 52 44
89 176 168 160
90 124 112 104
91 232 228 220
92 88 76 72
93 204 200 192
94 152 140 128
95 248 240 228
97 156 148 144
98 104 92 84
100 76 56 48
101 192 184 176
102 136 124 116
104 68 52 44
105 172 164 156
106 120 108 100
108 84 72 68
110 148 136 128
114 112 100 92
118 140 128 120
124 92 80 72
126 152 144 132
127 248 244 236
131 212 208 200
133 184 176 172
134 132 120 108
139 228 220 212
140 80 72 64
150 136 128 116
155 232 228 216
156 92 76 68
159 244 240 232
160 60 44 36
164 72 56 52
172 88 72 60
174 144 136 132
176 60 52 44
178 108 100 92
179 224 220 212
180 76 64 56
181 196 192 184
184 68 56 48
188 92 80 76
190 148 144 136
194 100 88 80
195 216 208 200
198 132 120 112
200 68 48 44
202 116 104 100
203 228 224 216
221 208 204 192
222 152 140 132
223 248 240 232
227 220 212 204
231 240 232 220
240 64 48 44
242 108 104 96
243 228 220 208
247 68 52 48
249 124 116 112
250 236 228 220
251 96 80 72
252 204 204 200
254 252 248 240
